
📊 Final Evaluation:

              precision    recall  f1-score   support

           0     0.9987    0.9998    0.9993     29931
           1     0.8611    0.4493    0.5905        69

    accuracy                         0.9986     30000
   macro avg     0.9299    0.7246    0.7949     30000
weighted avg     0.9984    0.9986    0.9983     30000

📍 Drift points detected at rows: [30314, 30315, 30389, 30442, 34555, 35053, 35054, 39042, 39375, 39376, 39769, 39770, 40693, 40694, 40850, 40851, 41569, 41940, 41941, 42299, 42300, 42473, 42474, 42529, 42530, 42549, 42550, 42589, 42590, 42607, 42608, 42633, 42634, 42674, 42675, 42694, 42695, 42697, 42698, 42741, 42742, 42756, 42757, 42768, 42783, 42784, 42854, 42855, 42887, 42888, 42907, 42908, 42934, 42935, 42945, 42946, 42959, 42960, 43060, 43061, 43160, 43161, 43204, 43205, 43419, 43420, 43426, 43427, 43435, 43436, 43680, 43681, 43841, 43842, 44220, 44221, 44253, 44254, 44270, 44271, 44478, 44479, 45044, 45045, 45489, 45490, 46841, 50288, 50289, 50961, 50962, 54019, 54020, 58152, 58464, 58465, 58501, 58502, 58811, 58812, 59097, 59098, 59758]
🔁 Rule-based mode used: 103 times
🧠 Model-based mode used: 29897 times
✅ Overall accuracy: 0.9986

this is the result without the drift simulation